{
  "seasons": [
    "us01",
    "us02",
    "us03",
    "us04",
    "us05",
    "us06",
    "us07",
    "us08",
    "us09",
    "us10",
    "us11",
    "us12",
    "us13",
    "us14",
    "us15",
    "us16",
    "us17",
    "us18",
    "us19",
    "us20",
    "us21",
    "us22",
    "us23",
    "us24",
    "us25",
    "us26",
    "us27",
    "us28",
    "us29",
    "us30",
    "us31",
    "us32",
    "us33",
    "us34",
    "us35",
    "us36",
    "us37",
    "us38",
    "us39",
    "us40",
    "us41",
    "us42",
    "us43",
    "us44",
    "us45",
    "us46",
    "us47",
    "us48",
    "us49"
  ],
  "distance_matrix": [
    [
      0.0,
      0.22134865575903157,
      0.18599331669970415,
      0.17005223561178398,
      0.16134380919931146,
      0.2353933223831894,
      0.19396331845047657,
      0.17922960257297232,
      0.23013030318925867,
      0.07903267264772512,
      0.18039612829090235,
      0.1784278942042801,
      0.08932367407845936,
      0.165926908707002,
      0.22924142597515204,
      0.139961400977042,
      0.08932367407845937,
      0.2235964640282632,
      0.2568814181848263,
      0.1716288815403851,
      0.24769995107983797,
      0.2173909209227225,
      0.27445777796939386,
      0.23333536102564614,
      0.21419477630527717,
      0.33594393726245614,
      0.32303073831378004,
      0.1936827205214343,
      0.3440051075229002,
      0.13001539759259292,
      0.29402567278733105,
      0.16826522478235437,
      0.2866416437811098,
      0.20194493914225412,
      0.23348286314244446,
      0.3028580700521995,
      0.17570005323300605,
      0.27548968597908247,
      0.19349743902853608,
      0.2271691905136098,
      0.22433804426930348,
      0.29693950396509533,
      0.25043365167023557,
      0.25169445275438185,
      0.27610185328980763,
      0.18666905119422175,
      0.2574449838475167,
      0.24232437152091366,
      0.08979133729352982
    ],
    [
      0.22134865575903157,
      0.0,
      0.13212923591230377,
      0.1874204292671175,
      0.11588694469446197,
      0.1195347177720116,
      0.12395413515442752,
      0.16896310850133883,
      0.09489894684866258,
      0.23367715313688742,
      0.13079458772496497,
      0.1672363657091993,
      0.19384998407940204,
      0.1355413607039095,
      0.1573753527742849,
      0.1447561427192064,
      0.1692005512124953,
      0.09780635466686591,
      0.18758455524553758,
      0.11696925099219646,
      0.20568938484588267,
      0.16671832506900058,
      0.17308883680065262,
      0.21973526428694265,
      0.18995771590923277,
      0.23410127851228701,
      0.22002158937191751,
      0.1494885466972751,
      0.20074570920694837,
      0.2129337427246565,
      0.13821245644895436,
      0.29390253983036496,
      0.033671751485073696,
      0.15975375426807184,
      0.2631933849731614,
      0.2643232491578285,
      0.15741543819271953,
      0.10999438818457408,
      0.2060498348488288,
      0.1386153769468867,
      0.22635998566317517,
      0.2619662265538733,
      0.23275598214057192,
      0.1320656812367162,
      0.2906015154510089,
      0.20717480427621734,
      0.20469618923634386,
      0.359899201508861,
      0.30278039085257685
    ],
    [
      0.18599331669970415,
      0.13212923591230377,
      0.0,
      0.1936827205214343,
      0.12706767696733923,
      0.16246620091548056,
      0.1769871437434186,
      0.07856742013183861,
      0.17318576905145894,
      0.1282155167058038,
      0.06937602993131596,
      0.18743941660024355,
      0.08838834764831845,
      0.12436062843103224,
      0.09676620010115224,
      0.04374088826398532,
      0.15573185061846584,
      0.18820204303636617,
      0.2077876061365818,
      0.16603380315616098,
      0.14541014454894158,
      0.0965256875905446,
      0.19329188769169683,
      0.21015177948161928,
      0.2116623128915053,
      0.3303414367110744,
      0.2366491074095021,
      0.15706469078141666,
      0.2830594588623535,
      0.23463833970692902,
      0.24165429141885106,
      0.2769923419577887,
      0.18467659252770657,
      0.12783380655609786,
      0.24971246328490485,
      0.24596883039832412,
      0.18091081963314667,
      0.1447453464970029,
      0.2626183773437526,
      0.26168231442469186,
      0.3475782910094405,
      0.20539768405894948,
      0.16204530402191714,
      0.2581916885077721,
      0.2255942260621971,
      0.08932367407845937,
      0.21710850484629074,
      0.23334523779156066,
      0.14458793620595145
    ],
    [
      0.17005223561178398,
      0.1874204292671175,
      0.1936827205214343,
      0.0,
      0.1986633337619348,
      0.17796923649506657,
      0.1818325654552949,
      0.167476878219807,
      0.1856471695562619,
      0.16545683479274761,
      0.20662367277656035,
      0.15897381035906238,
      0.20521061877292132,
      0.23602136225160855,
      0.19609786698211965,
      0.23405167618730546,
      0.20521061877292135,
      0.20844417585998,
      0.18324676696017078,
      0.2574068573777884,
      0.19596959364312888,
      0.1800217545076128,
      0.09315851244203723,
      0.22607281823659012,
      0.2701109429160608,
      0.4074076100397777,
      0.2057964719297094,
      0.22872075968863997,
      0.2483445883959588,
      0.23260860112365944,
      0.25185482434243667,
      0.19318341175115375,
      0.18052302482020344,
      0.2443950105177851,
      0.24731349561214586,
      0.2726893651625202,
      0.2718126705134853,
      0.11289390011801097,
      0.12514378351383648,
      0.25309643915711655,
      0.3214518663493171,
      0.3580671506840254,
      0.29457114532782647,
      0.2355201154274729,
      0.23889597487592898,
      0.2479526259311782,
      0.2839614881420122,
      0.2871078009960617,
      0.27742880874887027
    ],
    [
      0.16134380919931146,
      0.11588694469446197,
      0.12706767696733923,
      0.1986633337619348,
      0.0,
      0.14955869617953566,
      0.14955869617953566,
      0.08778396690141992,
      0.14955869617953566,
      0.18783655142013442,
      0.12706767696733923,
      0.24428421776567855,
      0.18783655142013442,
      0.2090497548557309,
      0.15825723197984637,
      0.08249579113843056,
      0.15825723197984637,
      0.0864241621450225,
      0.11111677990074317,
      0.08754655386119162,
      0.0,
      0.10534076028170389,
      0.167685322395667,
      0.1619093027766277,
      0.11111677990074317,
      0.2150696998435763,
      0.26196622655387336,
      0.07295546155099301,
      0.29240723528813173,
      0.21949447554942583,
      0.2120866902227096,
      0.2743680944367823,
      0.0919238815542512,
      0.14625624644012497,
      0.23473900910859974,
      0.1801438704451443,
      0.15362736615064873,
      0.114904851942814,
      0.1212183053462653,
      0.1801438704451443,
      0.3274577831923417,
      0.27119403185253527,
      0.10311973892303818,
      0.22433804426930348,
      0.20995626366712955,
      0.10943319232648951,
      0.16940557558611313,
      0.1581924546466254,
      0.17556793380283983
    ],
    [
      0.2353933223831894,
      0.1195347177720116,
      0.16246620091548056,
      0.17796923649506657,
      0.14955869617953566,
      0.0,
      0.06502857005554857,
      0.15424869013638523,
      0.037319524562623343,
      0.19959866019207573,
      0.1375613266885902,
      0.1896842000325818,
      0.2814397228294076,
      0.18766449088505507,
      0.17504088907495535,
      0.17169354390726535,
      0.21409621985926022,
      0.16554864550777318,
      0.1910471042593586,
      0.15096168582474706,
      0.19310489121177898,
      0.19689957535081187,
      0.11023490069518173,
      0.2580726165761361,
      0.24322937732660388,
      0.3251527020419108,
      0.11636611003344968,
      0.1565603417557038,
      0.210764997502015,
      0.2358054539401476,
      0.2059547472898616,
      0.31486176740738714,
      0.1702828575102298,
      0.18594289431201805,
      0.3397182087399362,
      0.20775470666290471,
      0.26063229119146486,
      0.17509310772238318,
      0.15432886097325443,
      0.18848870221001368,
      0.17585235843556463,
      0.2619662265538733,
      0.23275598214057192,
      0.1755042228509299,
      0.3041349933782593,
      0.25292093230883,
      0.34402605940391756,
      0.276445079692455,
      0.3163138687798273
    ],
    [
      0.19396331845047657,
      0.12395413515442752,
      0.1769871437434186,
      0.1818325654552949,
      0.14955869617953566,
      0.06502857005554857,
      0.0,
      0.15064100247727016,
      0.06699275555884453,
      0.165926908707002,
      0.11672693045720084,
      0.19473496275534283,
      0.2477679713443339,
      0.13242448564143797,
      0.19260292930168815,
      0.17340952014812952,
      0.24776797134433393,
      0.16554864550777318,
      0.1604696267455741,
      0.15962013620662316,
      0.21894824409159427,
      0.17308883680065262,
      0.1200635249634857,
      0.21072404065303577,
      0.23422679666525936,
      0.2973862625344052,
      0.18217422372784667,
      0.16413648583984536,
      0.2527001822542152,
      0.2246234818791186,
      0.20054135611896146,
      0.25921872908592697,
      0.17533362023299087,
      0.20909005382874066,
      0.25967347683284675,
      0.26561829735065473,
      0.23387620422747546,
      0.22812611631137425,
      0.11392275919116598,
      0.19931548455181403,
      0.1859797467884638,
      0.2569154638311123,
      0.18856180831641267,
      0.1314935328801058,
      0.25362736615064874,
      0.2518417254814748,
      0.357559537331168,
      0.23603897791036657,
      0.23345386091440168
    ],
    [
      0.17922960257297232,
      0.16896310850133883,
      0.07856742013183861,
      0.167476878219807,
      0.08778396690141992,
      0.15424869013638523,
      0.15064100247727016,
      0.0,
      0.15424869013638523,
      0.12439841520874446,
      0.05611958580845617,
      0.20029653896590552,
      0.18005033780213017,
      0.1828161196156568,
      0.1477791652630839,
      0.1426930264617946,
      0.24739384077227755,
      0.20871264056002906,
      0.08932367407845937,
      0.1622791356294524,
      0.08748177652797064,
      0.02618914004394621,
      0.11027498611361634,
      0.1674614399940109,
      0.19767297861583022,
      0.36310294317382813,
      0.24870329777447486,
      0.15552935721270653,
      0.3171716166160022,
      0.26983926439647604,
      0.28278179071928655,
      0.3121158520268109,
      0.157839916518976,
      0.11307662614550806,
      0.1817123260087603,
      0.30746103799790514,
      0.2522542240088712,
      0.1894078998227712,
      0.16375695138907503,
      0.30882276650379503,
      0.40650385610831946,
      0.23583869279320785,
      0.10311973892303818,
      0.3004019357935058,
      0.16666866096331814,
      0.2060498348488288,
      0.2817597221907587,
      0.12335084960698661,
      0.11583026452789363
    ],
    [
      0.23013030318925867,
      0.09489894684866258,
      0.17318576905145894,
      0.1856471695562619,
      0.14955869617953566,
      0.037319524562623343,
      0.06699275555884453,
      0.15424869013638523,
      0.0,
      0.17340952014812952,
      0.10550482131989758,
      0.1634662700627596,
      0.27216225430449387,
      0.17075281936602268,
      0.18074822152111464,
      0.18394447891981205,
      0.20481875133434646,
      0.14717845346344913,
      0.14839621904493194,
      0.12474375585492485,
      0.21894824409159427,
      0.1706816453809897,
      0.13043795158622595,
      0.23970242453181206,
      0.2204876017279623,
      0.28649822513028866,
      0.11237781348136384,
      0.1261989185867658,
      0.18698141428679077,
      0.20652007577511866,
      0.18217116407463738,
      0.30092137240206207,
      0.14212769074068807,
      0.17260991235406023,
      0.30589633934832755,
      0.2360389779103666,
      0.24503919963383425,
      0.18938586523702103,
      0.12290189292051898,
      0.15977386567688562,
      0.17585235843556463,
      0.2619662265538733,
      0.23275598214057192,
      0.13314488806407135,
      0.3041349933782593,
      0.26063229119146486,
      0.32023775866854254,
      0.30787204774519045,
      0.2875561971017695
    ],
    [
      0.07903267264772512,
      0.23367715313688742,
      0.1282155167058038,
      0.16545683479274761,
      0.18783655142013442,
      0.19959866019207573,
      0.165926908707002,
      0.12439841520874446,
      0.17340952014812952,
      0.0,
      0.08511470514282517,
      0.1581420999692087,
      0.08314794192830981,
      0.19013315671904946,
      0.17397071600621405,
      0.15385862004696457,
      0.16396014549248666,
      0.2729608632028067,
      0.15825723197984637,
      0.20595598707801335,
      0.23479568927516803,
      0.17228423559293965,
      0.24625274252750562,
      0.25756761462099154,
      0.28181127569024456,
      0.41702729719136394,
      0.25523187625685856,
      0.21793105822283806,
      0.3855202702642716,
      0.14366613966964775,
      0.3275530358433681,
      0.21336811973687675,
      0.3275530358433681,
      0.21535529449117458,
      0.20820366334937235,
      0.3510224855649946,
      0.23756554836659946,
      0.32105294715589167,
      0.18014387044514424,
      0.27238268081884415,
      0.3075353302303397,
      0.3451354527220053,
      0.2749859704614352,
      0.27238268081884415,
      0.24186673631738387,
      0.16835875742536843,
      0.3353090015386268,
      0.16891995328345302,
      0.05237828008789242
    ],
    [
      0.18039612829090235,
      0.13079458772496497,
      0.06937602993131596,
      0.20662367277656035,
      0.12706767696733923,
      0.1375613266885902,
      0.11672693045720084,
      0.05611958580845617,
      0.10550482131989758,
      0.08511470514282517,
      0.0,
      0.14703331481815513,
      0.1337492688109699,
      0.12436062843103224,
      0.09676620010115224,
      0.12302777961406071,
      0.20109277178111726,
      0.18820204303636617,
      0.13043795158622593,
      0.12562770137407256,
      0.19195902103695853,
      0.056119585808456156,
      0.1708440533683144,
      0.201874926244397,
      0.21729390496805157,
      0.295832230697405,
      0.23295475213267539,
      0.12170935172208927,
      0.26459992109105696,
      0.20138914221548834,
      0.22319475364755442,
      0.2769923419577887,
      0.18315128031360509,
      0.10629767915625181,
      0.21236369633423394,
      0.30253737289324795,
      0.204735613395952,
      0.23724671973875755,
      0.21089740346817823,
      0.23025534637195638,
      0.3475782910094405,
      0.20539768405894948,
      0.16204530402191714,
      0.19187945530996364,
      0.2255942260621971,
      0.16265326620150874,
      0.25639221491221004,
      0.19349743902853608,
      0.07654655446197431
    ],
    [
      0.1784278942042801,
      0.1672363657091993,
      0.18743941660024355,
      0.15897381035906238,
      0.24428421776567855,
      0.1896842000325818,
      0.19473496275534283,
      0.20029653896590552,
      0.1634662700627596,
      0.1581420999692087,
      0.14703331481815513,
      0.0,
      0.17049130168608978,
      0.26708388431499663,
      0.2245718758768387,
      0.23118030486422886,
      0.17049130168608978,
      0.2271907898812333,
      0.27250132867360183,
      0.19838273583289248,
      0.3547025330522875,
      0.17410739892195928,
      0.2533295475548966,
      0.3302213429873076,
      0.30181796056324756,
      0.2827973683413644,
      0.28253438740222475,
      0.1722871284319604,
      0.26801561892761966,
      0.19510909332739923,
      0.26801561892761966,
      0.2296948611588924,
      0.22386676500545707,
      0.14689084622436843,
      0.2327770991198263,
      0.17383041704169294,
      0.21948109654175335,
      0.22621371113535566,
      0.2850083063027569,
      0.2418717987856701,
      0.3287507154056259,
      0.3064129385141706,
      0.3591955907067133,
      0.18350877807779878,
      0.28928923274503965,
      0.25006598152345993,
      0.24392831158238817,
      0.3472981537111225,
      0.24872125686206448
    ],
    [
      0.08932367407845936,
      0.19384998407940204,
      0.08838834764831845,
      0.20521061877292132,
      0.18783655142013442,
      0.2814397228294076,
      0.2477679713443339,
      0.18005033780213017,
      0.27216225430449387,
      0.08314794192830981,
      0.1337492688109699,
      0.17049130168608978,
      0.0,
      0.16171793977136784,
      0.1777120217267778,
      0.10606601717798214,
      0.06734350297014738,
      0.24903183275853333,
      0.2600965433556758,
      0.15245820811297253,
      0.23479568927516803,
      0.15386119775818397,
      0.2903253239157465,
      0.22017343095599237,
      0.22447834323382462,
      0.3579035688910375,
      0.3409087469198527,
      0.19174191817889186,
      0.35626342654149856,
      0.14456367932207645,
      0.3000628690665162,
      0.20321690282595278,
      0.23313369414532137,
      0.1846334373098207,
      0.19637320619634185,
      0.26326686417374595,
      0.14225983582429713,
      0.2090497548557309,
      0.22726303828442523,
      0.22632697536536445,
      0.31903984532107327,
      0.3114637012369316,
      0.25043365167023557,
      0.25326148371440266,
      0.1814000522380379,
      0.07183306983482388,
      0.24946088548410583,
      0.1979898987322333,
      0.11223555556813639
    ],
    [
      0.165926908707002,
      0.1355413607039095,
      0.12436062843103224,
      0.23602136225160855,
      0.2090497548557309,
      0.18766449088505507,
      0.13242448564143797,
      0.1828161196156568,
      0.17075281936602268,
      0.19013315671904946,
      0.12436062843103224,
      0.26708388431499663,
      0.16171793977136784,
      0.0,
      0.15876339912196732,
      0.08799551054765926,
      0.2290614427415152,
      0.15325681701128543,
      0.250425389275779,
      0.17013587764263624,
      0.21711801974550438,
      0.16364433849695156,
      0.19626757827143484,
      0.06547285010986553,
      0.20941958770855554,
      0.2522542240088712,
      0.23695668868174954,
      0.18323044766460936,
      0.25005125870372263,
      0.20287230269756898,
      0.18271959956072492,
      0.22503953909190916,
      0.1748250707698288,
      0.19637320619634185,
      0.13906433363335435,
      0.30746103799790514,
      0.2302553463719564,
      0.20979008492379458,
      0.18575582902598986,
      0.1736868038770326,
      0.20413499337825924,
      0.32320347012345274,
      0.23275598214057192,
      0.1736868038770326,
      0.2031197389230382,
      0.16375695138907503,
      0.33201335678910476,
      0.27878081805658794,
      0.10999438818457406
    ],
    [
      0.22924142597515204,
      0.1573753527742849,
      0.09676620010115224,
      0.19609786698211965,
      0.15825723197984637,
      0.17504088907495535,
      0.19260292930168815,
      0.1477791652630839,
      0.18074822152111464,
      0.17397071600621405,
      0.09676620010115224,
      0.2245718758768387,
      0.1777120217267778,
      0.15876339912196732,
      0.0,
      0.12771056164128824,
      0.20236145459368457,
      0.20521061877292135,
      0.14783502318684735,
      0.16335114992049324,
      0.1365363487168552,
      0.13043795158622593,
      0.1418201441080694,
      0.23737789448683358,
      0.22858365953502685,
      0.28451291460072775,
      0.2039558191125271,
      0.15437201619114024,
      0.22059312744511853,
      0.20230523490431668,
      0.1910471042593586,
      0.26935469558494196,
      0.1910471042593586,
      0.14207608473840813,
      0.2557821361068492,
      0.2835161475043205,
      0.18268181278301268,
      0.19931806226303347,
      0.2776797105802411,
      0.22869160988869056,
      0.370211128669453,
      0.2407530231182769,
      0.19439768465973223,
      0.20625203882256427,
      0.3202960271139669,
      0.10868493118237676,
      0.1709596604180492,
      0.2979737164030799,
      0.20671813063021546
    ],
    [
      0.139961400977042,
      0.1447561427192064,
      0.04374088826398532,
      0.23405167618730546,
      0.08249579113843056,
      0.17169354390726535,
      0.17340952014812952,
      0.1426930264617946,
      0.18394447891981205,
      0.15385862004696457,
      0.12302777961406071,
      0.23118030486422886,
      0.10606601717798214,
      0.08799551054765926,
      0.12771056164128824,
      0.0,
      0.10606601717798214,
      0.1612478658571134,
      0.2572355353492894,
      0.12636260071204045,
      0.09428090415820636,
      0.16364433849695156,
      0.24032386383025695,
      0.19414603975390632,
      0.13110744906159116,
      0.2636233227780675,
      0.2572355353492894,
      0.12177950120434985,
      0.31138094537761607,
      0.17693844413849702,
      0.2530716048527853,
      0.2566293695079306,
      0.2081658765716601,
      0.17886484286408075,
      0.26429961688255843,
      0.17383041704169294,
      0.11018848679480622,
      0.16494623814360643,
      0.27776534445208023,
      0.19347227207465262,
      0.23177388938892393,
      0.28278603230805066,
      0.16204530402191714,
      0.20292552944435674,
      0.3007923014162628,
      0.06678230711206283,
      0.17022941028565033,
      0.29168154723945083,
      0.09072184232530288
    ],
    [
      0.08932367407845937,
      0.1692005512124953,
      0.15573185061846584,
      0.20521061877292135,
      0.15825723197984637,
      0.21409621985926022,
      0.24776797134433393,
      0.24739384077227755,
      0.20481875133434646,
      0.16396014549248666,
      0.20109277178111726,
      0.17049130168608978,
      0.06734350297014738,
      0.2290614427415152,
      0.20236145459368457,
      0.10606601717798214,
      0.0,
      0.2243823998916266,
      0.2600965433556758,
      0.08511470514282515,
      0.19782153997480795,
      0.22120470072833132,
      0.29032532391574656,
      0.28751693392613975,
      0.15713484026367722,
      0.32098449334844426,
      0.2735652439497053,
      0.12439841520874446,
      0.28891992357135116,
      0.07722017635192907,
      0.27541343619960945,
      0.20321690282595278,
      0.2084842612784146,
      0.1846334373098207,
      0.27718540976051875,
      0.18014387044514424,
      0.10534076028170389,
      0.17947043541544278,
      0.22726303828442523,
      0.18940789982277123,
      0.21802459086585219,
      0.3114637012369316,
      0.25043365167023557,
      0.21634240817180944,
      0.282415306693259,
      0.10141238927511198,
      0.20331204105586428,
      0.2788021022964101,
      0.21325081002335744
    ],
    [
      0.2235964640282632,
      0.09780635466686591,
      0.18820204303636617,
      0.20844417585998,
      0.0864241621450225,
      0.16554864550777318,
      0.16554864550777318,
      0.20871264056002906,
      0.14717845346344913,
      0.2729608632028067,
      0.18820204303636617,
      0.2271907898812333,
      0.24903183275853333,
      0.15325681701128543,
      0.20521061877292135,
      0.1612478658571134,
      0.2243823998916266,
      0.0,
      0.2483114303359,
      0.17247419371798858,
      0.12963624321753375,
      0.2265864091343348,
      0.20117097825679683,
      0.12706767696733923,
      0.2243823998916266,
      0.16897352191392703,
      0.22992864993485465,
      0.0917154373783912,
      0.16063869832792982,
      0.25624165508090424,
      0.11907241805196005,
      0.17235402347032264,
      0.11410741377801024,
      0.20191826973882523,
      0.2663586274187184,
      0.12121830534626529,
      0.23390354081062453,
      0.1369288965336123,
      0.1706944957895014,
      0.11897352191392704,
      0.24095804749189473,
      0.28469031954776697,
      0.21696692455877975,
      0.16734633736496343,
      0.2464073416268496,
      0.17554206440885087,
      0.2370485698741589,
      0.3391291690816908,
      0.2704280102147618
    ],
    [
      0.2568814181848263,
      0.18758455524553758,
      0.2077876061365818,
      0.18324676696017078,
      0.11111677990074317,
      0.1910471042593586,
      0.1604696267455741,
      0.08932367407845937,
      0.14839621904493194,
      0.15825723197984637,
      0.13043795158622593,
      0.27250132867360183,
      0.2600965433556758,
      0.250425389275779,
      0.14783502318684735,
      0.2572355353492894,
      0.2600965433556758,
      0.2483114303359,
      0.0,
      0.1519216695535915,
      0.10170463718138867,
      0.14954191661403787,
      0.16126161384635967,
      0.22217950907378192,
      0.20358671863729816,
      0.3145900372883776,
      0.2154136790185827,
      0.17194275824631758,
      0.24195375965877472,
      0.22516546136020002,
      0.2413520972771353,
      0.3031854492484761,
      0.15435493428382321,
      0.20743325931286982,
      0.2600576379789189,
      0.2743815897145367,
      0.27947667148737537,
      0.25968832836944944,
      0.14317949812924244,
      0.26983670345221733,
      0.38176016987935824,
      0.24023657294004475,
      0.1793956910303561,
      0.2529919944369685,
      0.2613704620150879,
      0.2960927653317324,
      0.23401867282126218,
      0.1991122904484024,
      0.1653745045041724
    ],
    [
      0.1716288815403851,
      0.11696925099219646,
      0.16603380315616098,
      0.2574068573777884,
      0.08754655386119162,
      0.15096168582474706,
      0.15962013620662316,
      0.1622791356294524,
      0.12474375585492485,
      0.20595598707801335,
      0.12562770137407256,
      0.19838273583289248,
      0.15245820811297253,
      0.17013587764263624,
      0.16335114992049324,
      0.12636260071204045,
      0.08511470514282515,
      0.17247419371798858,
      0.1519216695535915,
      0.0,
      0.18952694413304733,
      0.1368516185357638,
      0.21630091787316388,
      0.2554025864560578,
      0.12683026392711091,
      0.25866381026279134,
      0.23630940597122801,
      0.07632263669950036,
      0.24355900240869974,
      0.13689940070602252,
      0.2319820132329211,
      0.29302536996470985,
      0.15064100247727016,
      0.11588694469446197,
      0.26432117480043227,
      0.22896791009850115,
      0.1611135590244693,
      0.24645851434213661,
      0.19854820175129717,
      0.18098706911248205,
      0.21802459086585219,
      0.2407530231182769,
      0.16204530402191714,
      0.1955316820571117,
      0.282415306693259,
      0.17439278363328667,
      0.23206971273392213,
      0.24737513424367474,
      0.1844931383452996
    ],
    [
      0.24769995107983797,
      0.20568938484588267,
      0.14541014454894158,
      0.19596959364312888,
      0.0,
      0.19310489121177898,
      0.21894824409159427,
      0.08748177652797064,
      0.21894824409159427,
      0.23479568927516803,
      0.19195902103695853,
      0.3547025330522875,
      0.23479568927516803,
      0.21711801974550438,
      0.1365363487168552,
      0.09428090415820636,
      0.19782153997480795,
      0.12963624321753375,
      0.10170463718138867,
      0.18952694413304733,
      0.0,
      0.18251085812790294,
      0.208336636438243,
      0.17661567410193818,
      0.1472373860392768,
      0.2670498351055837,
      0.20223458013156384,
      0.15674389621499954,
      0.2685355656385707,
      0.2181935729774746,
      0.20984928397833782,
      0.25905878354438744,
      0.1577927780092942,
      0.21697447973886472,
      0.2992450321078108,
      0.17239936760357732,
      0.22474065804290283,
      0.16668616677205805,
      0.17688852677315572,
      0.21222149953717934,
      0.3241071034252492,
      0.2933346502508148,
      0.15403758566684783,
      0.24466121795292328,
      0.27994168488950605,
      0.1929697466926405,
      0.1066272130360667,
      0.2109232728621672,
      0.11664236870396084
    ],
    [
      0.2173909209227225,
      0.16671832506900058,
      0.0965256875905446,
      0.1800217545076128,
      0.10534076028170389,
      0.19689957535081187,
      0.17308883680065262,
      0.02618914004394621,
      0.1706816453809897,
      0.17228423559293965,
      0.056119585808456156,
      0.17410739892195928,
      0.15386119775818397,
      0.16364433849695156,
      0.13043795158622593,
      0.16364433849695156,
      0.22120470072833132,
      0.2265864091343348,
      0.14954191661403787,
      0.1368516185357638,
      0.18251085812790294,
      0.0,
      0.1626390945889309,
      0.22051059346566793,
      0.1741256591720219,
      0.29296703016344744,
      0.2901958604451723,
      0.12170935172208927,
      0.25581358060751697,
      0.21020469504537082,
      0.26767824559158826,
      0.2840097008830296,
      0.13086022384354348,
      0.09638104936749235,
      0.16519014968680654,
      0.3229341928776064,
      0.22188705704156117,
      0.23101242275804934,
      0.19849086371181612,
      0.30770930467479923,
      0.39323321919163634,
      0.2532240225818238,
      0.15525357159549516,
      0.23924960856020064,
      0.16666866096331814,
      0.24053959732567184,
      0.2674036193381336,
      0.15477781765972207,
      0.11837718548364388
    ],
    [
      0.27445777796939386,
      0.17308883680065262,
      0.19329188769169683,
      0.09315851244203723,
      0.167685322395667,
      0.11023490069518173,
      0.1200635249634857,
      0.11027498611361634,
      0.13043795158622595,
      0.24625274252750562,
      0.1708440533683144,
      0.2533295475548966,
      0.2903253239157465,
      0.19626757827143484,
      0.1418201441080694,
      0.24032386383025695,
      0.29032532391574656,
      0.20117097825679683,
      0.16126161384635967,
      0.21630091787316388,
      0.208336636438243,
      0.1626390945889309,
      0.0,
      0.23669326859109927,
      0.2627282604127064,
      0.3158221860615265,
      0.16658107285709486,
      0.23417629543837554,
      0.23873963792610858,
      0.2800227145355602,
      0.24916646769249517,
      0.2787837556628469,
      0.1596859423393638,
      0.23720800051566024,
      0.241286744774178,
      0.30580855776727206,
      0.3053870548245788,
      0.1714139250927814,
      0.14180648373030913,
      0.25567208703384964,
      0.3498709387811407,
      0.29615550572529287,
      0.22653614310945927,
      0.22603103785501102,
      0.23889597487592898,
      0.25140782965133635,
      0.3408676856066176,
      0.2556808329433262,
      0.27336899472175424
    ],
    [
      0.23333536102564614,
      0.21973526428694265,
      0.21015177948161928,
      0.22607281823659012,
      0.1619093027766277,
      0.2580726165761361,
      0.21072404065303577,
      0.1674614399940109,
      0.23970242453181206,
      0.25756761462099154,
      0.201874926244397,
      0.3302213429873076,
      0.22017343095599237,
      0.06547285010986553,
      0.23737789448683358,
      0.19414603975390632,
      0.28751693392613975,
      0.12706767696733923,
      0.22217950907378192,
      0.2554025864560578,
      0.17661567410193818,
      0.22051059346566793,
      0.23669326859109927,
      0.0,
      0.2047405831824571,
      0.2504686930034078,
      0.2631653228892479,
      0.2391119954741344,
      0.24711872292402048,
      0.26932826799637527,
      0.17363581924865562,
      0.18491403523886304,
      0.20793101227305938,
      0.27299836363265406,
      0.17360808755807497,
      0.26733498177816917,
      0.27931940249085724,
      0.22010346696452004,
      0.15385196385921215,
      0.19293603989786884,
      0.2549846239232229,
      0.3161312105992001,
      0.18928188661742976,
      0.2305737567232438,
      0.14419417382415922,
      0.25268620393474134,
      0.28918091147083536,
      0.25735863483953847,
      0.16242759561276357
    ],
    [
      0.21419477630527717,
      0.18995771590923277,
      0.2116623128915053,
      0.2701109429160608,
      0.11111677990074317,
      0.24322937732660388,
      0.23422679666525936,
      0.19767297861583022,
      0.2204876017279623,
      0.28181127569024456,
      0.21729390496805157,
      0.30181796056324756,
      0.22447834323382462,
      0.20941958770855554,
      0.22858365953502685,
      0.13110744906159116,
      0.15713484026367722,
      0.2243823998916266,
      0.20358671863729816,
      0.12683026392711091,
      0.1472373860392768,
      0.1741256591720219,
      0.2627282604127064,
      0.2047405831824571,
      0.0,
      0.25543104973745223,
      0.30796914824102656,
      0.13881159164966725,
      0.2693865601941896,
      0.14753711564529923,
      0.24576708350533738,
      0.2475295594083492,
      0.16889143619780042,
      0.1995989351455934,
      0.19370610368218785,
      0.289658922210249,
      0.1722061567654342,
      0.25575619455966186,
      0.23045519848775486,
      0.31274097027125825,
      0.1765624205144592,
      0.31159692050339066,
      0.1658736531062895,
      0.25870372367867067,
      0.31187808924269844,
      0.29012637271984626,
      0.24369227993057563,
      0.3023723283359617,
      0.22202659574134395
    ],
    [
      0.33594393726245614,
      0.23410127851228701,
      0.3303414367110744,
      0.4074076100397777,
      0.2150696998435763,
      0.3251527020419108,
      0.2973862625344052,
      0.36310294317382813,
      0.28649822513028866,
      0.41702729719136394,
      0.295832230697405,
      0.2827973683413644,
      0.3579035688910375,
      0.2522542240088712,
      0.28451291460072775,
      0.2636233227780675,
      0.32098449334844426,
      0.16897352191392703,
      0.3145900372883776,
      0.25866381026279134,
      0.2670498351055837,
      0.29296703016344744,
      0.3158221860615265,
      0.2504686930034078,
      0.25543104973745223,
      0.0,
      0.31449142043105116,
      0.2364889493167048,
      0.2199827358011666,
      0.22725831108329703,
      0.17584278916962537,
      0.2739093283978043,
      0.22794621258080905,
      0.18690852103578098,
      0.26253975105833544,
      0.3062368216911735,
      0.20089038032775453,
      0.3415767423235484,
      0.3470410463086419,
      0.1870224861789309,
      0.2731897762801721,
      0.2962642136951506,
      0.2329306778922242,
      0.1744476421049875,
      0.3975902580962372,
      0.3229739189274744,
      0.22253913176374193,
      0.4694264158768717,
      0.31390093951741993
    ],
    [
      0.32303073831378004,
      0.22002158937191751,
      0.2366491074095021,
      0.2057964719297094,
      0.26196622655387336,
      0.11636611003344968,
      0.18217422372784667,
      0.24870329777447486,
      0.11237781348136384,
      0.25523187625685856,
      0.23295475213267539,
      0.28253438740222475,
      0.3409087469198527,
      0.23695668868174954,
      0.2039558191125271,
      0.2572355353492894,
      0.2735652439497053,
      0.22992864993485465,
      0.2154136790185827,
      0.23630940597122801,
      0.20223458013156384,
      0.2901958604451723,
      0.16658107285709486,
      0.2631653228892479,
      0.30796914824102656,
      0.31449142043105116,
      0.0,
      0.259153810532676,
      0.19228805128846377,
      0.29193362808284057,
      0.16215969022908341,
      0.3487046745390314,
      0.25412289057652854,
      0.2402576579064255,
      0.40836450938665175,
      0.2776192517359015,
      0.327427290858143,
      0.2328648109406473,
      0.19259221493356546,
      0.22331885889720435,
      0.1670106642806712,
      0.25866941117424663,
      0.2849401161631418,
      0.2381016741878919,
      0.4072547323012975,
      0.3107145740183624,
      0.32023775866854254,
      0.39036783888362103,
      0.3137750965038427
    ],
    [
      0.1936827205214343,
      0.1494885466972751,
      0.15706469078141666,
      0.22872075968863997,
      0.07295546155099301,
      0.1565603417557038,
      0.16413648583984536,
      0.15552935721270653,
      0.1261989185867658,
      0.21793105822283806,
      0.12170935172208927,
      0.1722871284319604,
      0.19174191817889186,
      0.18323044766460936,
      0.15437201619114024,
      0.12177950120434985,
      0.12439841520874446,
      0.0917154373783912,
      0.17194275824631758,
      0.07632263669950036,
      0.15674389621499954,
      0.12170935172208927,
      0.23417629543837554,
      0.2391119954741344,
      0.13881159164966725,
      0.2364889493167048,
      0.259153810532676,
      0.0,
      0.1808410260092189,
      0.14567851179758018,
      0.2323151603565133,
      0.21064232198226804,
      0.1655591553606057,
      0.11636611003344967,
      0.24562353046953903,
      0.15354318677193604,
      0.19408164605767173,
      0.25726813690342076,
      0.21532915015353693,
      0.2276262651284331,
      0.27695901301133197,
      0.24679325946485323,
      0.17998866288187734,
      0.20358064289284192,
      0.282415306693259,
      0.21998091378175358,
      0.20331204105586428,
      0.26766914006651366,
      0.17330748453756867
    ],
    [
      0.3440051075229002,
      0.20074570920694837,
      0.2830594588623535,
      0.2483445883959588,
      0.29240723528813173,
      0.210764997502015,
      0.2527001822542152,
      0.3171716166160022,
      0.18698141428679077,
      0.3855202702642716,
      0.26459992109105696,
      0.26801561892761966,
      0.35626342654149856,
      0.25005125870372263,
      0.22059312744511853,
      0.31138094537761607,
      0.28891992357135116,
      0.16063869832792982,
      0.24195375965877472,
      0.24355900240869974,
      0.2685355656385707,
      0.25581358060751697,
      0.23873963792610858,
      0.24711872292402048,
      0.2693865601941896,
      0.2199827358011666,
      0.19228805128846377,
      0.1808410260092189,
      0.0,
      0.2503286078766624,
      0.130523154160529,
      0.2719232272190536,
      0.2107487346783219,
      0.14422733552773234,
      0.35589255139470777,
      0.32416812822391844,
      0.2804210140335565,
      0.30175646611873436,
      0.30867715203681306,
      0.2786950882141282,
      0.27215427953691224,
      0.22589232979997928,
      0.3440887679798258,
      0.2596242752798448,
      0.44530599321912034,
      0.3576125408769227,
      0.24167033853670394,
      0.49824809035550743,
      0.31106825998495996
    ],
    [
      0.13001539759259292,
      0.2129337427246565,
      0.23463833970692902,
      0.23260860112365944,
      0.21949447554942583,
      0.2358054539401476,
      0.2246234818791186,
      0.26983926439647604,
      0.20652007577511866,
      0.14366613966964775,
      0.20138914221548834,
      0.19510909332739923,
      0.14456367932207645,
      0.20287230269756898,
      0.20230523490431668,
      0.17693844413849702,
      0.07722017635192907,
      0.25624165508090424,
      0.22516546136020002,
      0.13689940070602252,
      0.2181935729774746,
      0.21020469504537082,
      0.2800227145355602,
      0.26932826799637527,
      0.14753711564529923,
      0.22725831108329703,
      0.29193362808284057,
      0.14567851179758018,
      0.2503286078766624,
      0.0,
      0.23396403529580315,
      0.13996943064132553,
      0.1918042732742346,
      0.18597265469843163,
      0.1688397824465838,
      0.28545537008950506,
      0.1347301611581806,
      0.2687130335089697,
      0.26061871097723177,
      0.2175565582339385,
      0.20709446793833514,
      0.33692916479488827,
      0.22371110376437697,
      0.17666679709868147,
      0.35896186115523326,
      0.2247297872601123,
      0.20979008492379458,
      0.32890638363609304,
      0.14759451067623966
    ],
    [
      0.29402567278733105,
      0.13821245644895436,
      0.24165429141885106,
      0.25185482434243667,
      0.2120866902227096,
      0.2059547472898616,
      0.20054135611896146,
      0.28278179071928655,
      0.18217116407463738,
      0.3275530358433681,
      0.22319475364755442,
      0.26801561892761966,
