,us01,us02,us03,us04,us05,us06,us07,us08,us09,us10,us11,us12,us13,us14,us15,us16,us17,us18,us19,us20,us21,us22,us23,us24,us25,us26,us27,us28,us29,us30,us31,us32,us33,us34,us35,us36,us37,us38,us39,us40,us41,us42,us43,us44,us45,us46,us47,us48,us49
us01,100.0,77.86513442409684,81.40066833002959,82.9947764388216,83.86561908006885,76.46066776168105,80.60366815495235,82.07703974270277,76.98696968107413,92.09673273522749,81.96038717090977,82.157210579572,91.06763259215407,83.4073091292998,77.07585740248479,86.0038599022958,91.06763259215407,77.64035359717369,74.31185818151738,82.83711184596149,75.2300048920162,78.26090790772776,72.55422220306062,76.66646389743539,78.58052236947228,66.40560627375439,67.696926168622,80.63172794785658,65.59948924770997,86.9984602407407,70.5974327212669,83.17347752176457,71.33583562188902,79.8055060857746,76.65171368575555,69.71419299478005,82.4299946766994,72.45103140209174,80.65025609714638,77.28308094863903,77.56619557306965,70.30604960349048,74.95663483297645,74.83055472456182,72.38981467101924,81.33309488057783,74.25550161524833,75.76756284790864,91.02086627064702
us02,77.86513442409684,100.0,86.78707640876962,81.25795707328824,88.4113055305538,88.04652822279884,87.60458648455725,83.10368914986613,90.51010531513374,76.63228468631125,86.9205412275035,83.27636342908006,80.6150015920598,86.44586392960905,84.26246472257151,85.52438572807937,83.07994487875047,90.21936453331341,81.24154447544625,88.30307490078036,79.43106151541173,83.32816749309995,82.69111631993474,78.02647357130573,81.00422840907673,76.58987214877129,77.99784106280825,85.05114533027249,79.92542907930516,78.70662572753434,86.17875435510456,70.6097460169635,96.63282485149263,84.02462457319282,73.68066150268386,73.56767508421716,84.25845618072805,89.0005611815426,79.39501651511712,86.13846230531132,77.36400143368249,73.80337734461267,76.7244017859428,86.79343187632837,70.9398484548991,79.28251957237826,79.53038107636561,64.0100798491139,69.72196091474233
us03,81.40066833002959,86.78707640876962,100.0,80.63172794785658,87.29323230326608,83.75337990845195,82.30128562565814,92.14325798681614,82.68142309485411,87.17844832941962,93.06239700686841,81.25605833997565,91.16116523516816,87.56393715689677,90.32337998988478,95.62591117360147,84.42681493815341,81.17979569636337,79.22123938634182,83.3966196843839,85.45898554510585,90.34743124094554,80.67081123083032,78.98482205183808,78.83376871084947,66.96585632889256,76.3350892590498,84.29353092185833,71.69405411376465,76.5361660293071,75.83457085811489,72.30076580422113,81.53234074722934,87.21661934439021,75.02875367150952,75.4031169601676,81.90891803668534,85.52546535029971,73.73816226562474,73.83176855753082,65.24217089905595,79.46023159410504,83.79546959780828,74.1808311492228,77.4405773937803,91.06763259215407,78.28914951537092,76.66547622084393,85.54120637940485
us04,82.9947764388216,81.25795707328824,80.63172794785658,100.0,80.13366662380652,82.20307635049335,81.81674345447051,83.2523121780193,81.4352830443738,83.45431652072523,79.33763272234397,84.10261896409376,79.47893812270786,76.39786377483915,80.39021330178804,76.59483238126946,79.47893812270786,79.155582414002,81.67532330398292,74.25931426222117,80.4030406356871,81.99782454923871,90.68414875579627,77.39271817634099,72.98890570839392,59.25923899602223,79.42035280702906,77.12792403113599,75.16554116040413,76.73913988763405,74.81451756575633,80.68165882488462,81.94769751797966,75.5604989482215,75.26865043878541,72.73106348374799,72.81873294865147,88.71060998819891,87.48562164861636,74.69035608428834,67.8548133650683,64.19328493159746,70.54288546721736,76.44798845725272,76.1104025124071,75.20473740688219,71.60385118579877,71.28921990039383,72.25711912511296
us05,83.86561908006885,88.4113055305538,87.29323230326608,80.13366662380652,100.0,85.04413038204643,85.04413038204643,91.22160330985801,85.04413038204643,81.21634485798656,87.29323230326608,75.57157822343214,81.21634485798656,79.09502451442691,84.17427680201537,91.75042088615695,84.17427680201537,91.35758378549775,88.88832200992567,91.24534461388085,100.0,89.46592397182961,83.2314677604333,83.80906972233723,88.88832200992567,78.49303001564238,73.80337734461267,92.7044538449007,70.75927647118682,78.05055244505742,78.79133097772903,72.56319055632177,90.80761184457488,85.37437535598751,76.52609908914003,81.98561295548556,84.63726338493512,88.50951480571861,87.87816946537347,81.98561295548556,67.25422168076582,72.88059681474648,89.68802610769619,77.56619557306965,79.00437363328705,89.05668076735105,83.05944244138868,84.18075453533747,82.44320661971601
us06,76.46066776168105,88.04652822279884,83.75337990845195,82.20307635049335,85.04413038204643,100.0,93.49714299444514,84.57513098636149,96.26804754373767,80.04013398079243,86.24386733114098,81.03157999674183,71.85602771705923,81.23355091149449,82.49591109250447,82.83064560927346,78.59037801407398,83.44513544922269,80.89528957406414,84.90383141752528,80.6895108788221,80.31004246491882,88.97650993048182,74.19273834238639,75.67706226733961,67.48472979580892,88.36338899665503,84.34396582442962,78.92350024979851,76.41945460598524,79.40452527101384,68.51382325926129,82.97171424897702,81.4057105687982,66.02817912600638,79.22452933370953,73.93677088085352,82.49068922776168,84.56711390267455,81.15112977899864,82.41476415644354,73.80337734461267,76.7244017859428,82.44957771490701,69.58650066217406,74.707906769117,65.59739405960825,72.3554920307545,68.36861312201728
us07,80.60366815495235,87.60458648455725,82.30128562565814,81.81674345447051,85.04413038204643,93.49714299444514,100.0,84.93589975227297,93.30072444411554,83.4073091292998,88.32730695427992,80.52650372446571,75.2232028655666,86.7575514358562,80.73970706983118,82.65904798518704,75.2232028655666,83.44513544922269,83.9530373254426,84.03798637933768,78.10517559084057,82.69111631993474,87.99364750365143,78.92759593469643,76.57732033347406,70.26137374655947,81.78257762721533,83.58635141601548,74.72998177457848,77.53765181208814,79.94586438810384,74.07812709140731,82.46663797670091,79.09099461712593,74.03265231671531,73.43817026493453,76.61237957725245,77.18738836886257,88.6077240808834,80.0684515448186,81.40202532115362,74.30845361688877,81.14381916835873,86.85064671198943,74.63726338493512,74.81582745185251,64.2440462668832,76.39610220896334,76.65461390855984
us08,82.07703974270277,83.10368914986613,92.14325798681614,83.2523121780193,91.22160330985801,84.57513098636149,84.93589975227297,100.0,84.57513098636149,87.56015847912555,94.38804141915438,79.97034610340945,81.99496621978697,81.71838803843431,85.22208347369161,85.73069735382055,75.26061592277225,79.1287359439971,91.06763259215407,83.77208643705475,91.25182234720293,97.38108599560537,88.97250138863836,83.25385600059892,80.23270213841698,63.68970568261718,75.12967022255252,84.44706427872934,68.28283833839978,73.0160735603524,71.72182092807134,68.78841479731891,84.2160083481024,88.69233738544919,81.82876739912398,69.25389620020948,74.77457759911287,81.05921001772288,83.6243048610925,69.11772334962049,59.34961438916806,76.4161307206792,89.68802610769619,69.95980642064941,83.33313390366818,79.39501651511712,71.82402778092414,87.66491503930133,88.41697354721063
us09,76.98696968107413,90.51010531513374,82.68142309485411,81.4352830443738,85.04413038204643,96.26804754373767,93.30072444411554,84.57513098636149,100.0,82.65904798518704,89.44951786801025,83.65337299372403,72.7837745695506,82.92471806339773,81.92517784788853,81.6055521080188,79.51812486656536,85.28215465365508,85.1603780955068,87.52562441450752,78.10517559084057,82.93183546190103,86.9562048413774,76.0297575468188,77.95123982720376,71.35017748697113,88.7622186518636,87.38010814132342,81.30185857132093,79.34799242248813,81.78288359253627,69.90786275979379,85.7872309259312,82.73900876459398,69.41036606516724,76.39610220896333,75.49608003661658,81.0614134762979,87.7098107079481,84.02261343231143,82.41476415644354,73.80337734461267,76.7244017859428,86.68551119359287,69.58650066217406,73.93677088085352,67.97622413314575,69.21279522548096,71.24438028982306
us10,92.09673273522749,76.63228468631125,87.17844832941962,83.45431652072523,81.21634485798656,80.04013398079243,83.4073091292998,87.56015847912555,82.65904798518704,100.0,91.48852948571748,84.18579000307913,91.68520580716903,80.98668432809507,82.6029283993786,84.61413799530354,83.60398545075134,72.70391367971934,84.17427680201537,79.40440129219867,76.52043107248319,82.77157644070603,75.37472574724944,74.24323853790085,71.81887243097555,58.2972702808636,74.47681237431414,78.2068941777162,61.44797297357284,85.63338603303524,67.2446964156632,78.66318802631233,67.2446964156632,78.46447055088255,79.17963366506277,64.89775144350054,76.24344516334006,67.89470528441083,81.98561295548558,72.76173191811559,69.24646697696603,65.48645472779947,72.50140295385647,72.76173191811559,75.81332636826161,83.16412425746316,66.46909984613731,83.1080046716547,94.76217199121075
us11,81.96038717090977,86.9205412275035,93.06239700686841,79.33763272234397,87.29323230326608,86.24386733114098,88.32730695427992,94.38804141915438,89.44951786801025,91.48852948571748,100.0,85.29666851818449,86.625073118903,87.56393715689677,90.32337998988478,87.69722203859392,79.89072282188828,81.17979569636337,86.9562048413774,87.43722986259274,80.80409789630416,94.38804141915439,82.91559466316856,79.81250737556029,78.27060950319485,70.41677693025949,76.70452478673246,87.82906482779107,73.5400078908943,79.86108577845117,77.68052463524455,72.30076580422113,81.6848719686395,89.37023208437482,78.7636303665766,69.74626271067521,79.52643866040479,76.27532802612424,78.91025965318218,76.97446536280437,65.24217089905595,79.46023159410504,83.79546959780828,80.81205446900364,77.4405773937803,83.73467337984913,74.360778508779,80.65025609714638,92.34534455380256
us12,82.157210579572,83.27636342908006,81.25605833997565,84.10261896409376,75.57157822343214,81.03157999674183,80.52650372446571,79.97034610340945,83.65337299372403,84.18579000307913,85.29666851818449,100.0,82.95086983139102,73.29161156850034,77.54281241231612,76.8819695135771,82.95086983139102,77.28092101187667,72.74986713263982,80.16172641671075,64.52974669477125,82.58926010780408,74.66704524451033,66.97786570126925,69.81820394367524,71.72026316586356,71.74656125977752,82.77128715680396,73.19843810723803,80.48909066726007,73.19843810723803,77.03051388411076,77.6133234994543,85.31091537756316,76.72229008801736,82.61695829583071,78.05189034582467,77.37862888646443,71.49916936972431,75.81282012143299,67.1249284594374,69.35870614858294,64.08044092932867,81.64912219222012,71.07107672549604,74.99340184765401,75.60716884176118,65.27018462888775,75.12787431379355
us13,91.06763259215407,80.6150015920598,91.16116523516816,79.47893812270786,81.21634485798656,71.85602771705923,75.2232028655666,81.99496621978697,72.7837745695506,91.68520580716903,86.625073118903,82.95086983139102,100.0,83.82820602286321,82.22879782732223,89.39339828220179,93.26564970298527,75.09681672414666,73.99034566443243,84.75417918870275,76.52043107248319,84.6138802241816,70.96746760842535,77.98265690440076,77.55216567661753,64.20964311089625,65.90912530801474,80.82580818211082,64.37365734585015,85.54363206779236,69.99371309334839,79.67830971740473,76.68663058546787,81.53665626901793,80.3626793803658,73.67331358262541,85.77401641757028,79.09502451442691,77.27369617155748,77.36730246346355,68.09601546789268,68.85362987630683,74.95663483297645,74.67385162855973,81.8599947761962,92.81669301651762,75.05391145158941,80.20101012677668,88.77644444318636
us14,83.4073091292998,86.44586392960905,87.56393715689677,76.39786377483915,79.09502451442691,81.23355091149449,86.7575514358562,81.71838803843431,82.92471806339773,80.98668432809507,87.56393715689677,73.29161156850034,83.82820602286321,100.0,84.12366008780326,91.20044894523407,77.09385572584848,84.67431829887146,74.95746107242209,82.98641223573637,78.28819802544956,83.63556615030484,80.37324217285652,93.45271498901344,79.05804122914445,74.77457759911287,76.30433113182504,81.67695523353906,74.99487412962773,79.71276973024311,81.7280400439275,77.49604609080909,82.51749292301712,80.3626793803658,86.09356663666456,69.25389620020948,76.97446536280435,79.02099150762054,81.42441709740102,82.63131961229674,79.58650066217407,67.67965298765472,76.7244017859428,82.63131961229674,79.68802610769619,83.6243048610925,66.79866432108952,72.1219181943412,89.0005611815426
us15,77.07585740248479,84.26246472257151,90.32337998988478,80.39021330178804,84.17427680201537,82.49591109250447,80.73970706983118,85.22208347369161,81.92517784788853,82.6029283993786,90.32337998988478,77.54281241231612,82.22879782732223,84.12366008780326,100.0,87.22894383587118,79.76385454063154,79.47893812270786,85.21649768131526,83.66488500795067,86.34636512831449,86.9562048413774,85.81798558919306,76.26221055131664,77.14163404649732,71.54870853992723,79.60441808874728,84.56279838088598,77.94068725548814,79.76947650956834,80.89528957406414,73.06453044150581,80.89528957406414,85.79239152615918,74.42178638931509,71.64838524956795,81.73181872169873,80.06819377369665,72.23202894197588,77.13083901113094,62.978887133054705,75.92469768817232,80.56023153402678,79.37479611774357,67.97039728860331,89.13150688176232,82.90403395819507,70.20262835969201,79.32818693697845
us16,86.0038599022958,85.52438572807937,95.62591117360147,76.59483238126946,91.75042088615695,82.83064560927346,82.65904798518704,85.73069735382055,81.6055521080188,84.61413799530354,87.69722203859392,76.8819695135771,89.39339828220179,91.20044894523407,87.22894383587118,100.0,89.39339828220179,83.87521341428867,74.27644646507106,87.36373992879595,90.57190958417937,83.63556615030484,75.9676136169743,80.58539602460937,86.88925509384089,73.63766772219324,74.27644646507106,87.82204987956501,68.8619054622384,82.3061555861503,74.69283951472147,74.33706304920695,79.18341234283399,82.11351571359192,73.57003831174416,82.61695829583071,88.98115132051939,83.50537618563936,72.22346555479197,80.65277279253473,76.82261106110761,71.72139676919494,83.79546959780828,79.70744705556433,69.92076985837372,93.32176928879372,82.97705897143497,70.83184527605492,90.92781576746971
us17,91.06763259215407,83.07994487875047,84.42681493815341,79.47893812270786,84.17427680201537,78.59037801407398,75.2232028655666,75.26061592277225,79.51812486656536,83.60398545075134,79.89072282188828,82.95086983139102,93.26564970298527,77.09385572584848,79.76385454063154,89.39339828220179,100.0,77.56176001083735,73.99034566443243,91.48852948571748,80.2178460025192,77.87952992716687,70.96746760842534,71.24830660738603,84.28651597363228,67.90155066515557,72.64347560502948,87.56015847912555,71.10800764286489,92.27798236480709,72.45865638003906,79.67830971740473,79.15157387215854,81.53665626901793,72.28145902394813,81.98561295548558,89.46592397182961,82.05295645845571,77.27369617155748,81.05921001772288,78.19754091341477,68.85362987630683,74.95663483297645,78.36575918281905,71.7584693306741,89.8587610724888,79.66879589441356,72.11978977035899,78.67491899766425
us18,77.64035359717369,90.21936453331341,81.17979569636337,79.155582414002,91.35758378549775,83.44513544922269,83.44513544922269,79.1287359439971,85.28215465365508,72.70391367971934,81.17979569636337,77.28092101187667,75.09681672414666,84.67431829887146,79.47893812270786,83.87521341428867,77.56176001083735,100.0,75.16885696641,82.75258062820114,87.03637567824663,77.34135908656651,79.88290217432031,87.29323230326608,77.56176001083735,83.1026478086073,77.00713500651453,90.82845626216088,83.93613016720703,74.37583449190957,88.092758194804,82.76459765296774,88.58925862219897,79.80817302611747,73.36413725812815,87.87816946537347,76.60964591893756,86.30711034663877,82.93055042104986,88.10264780860729,75.90419525081053,71.5309680452233,78.30330754412202,83.26536626350367,75.35926583731504,82.4457935591149,76.2951430125841,66.08708309183092,72.95719897852382
us19,74.31185818151738,81.24154447544625,79.22123938634182,81.67532330398292,88.88832200992567,80.89528957406414,83.9530373254426,91.06763259215407,85.1603780955068,84.17427680201537,86.9562048413774,72.74986713263982,73.99034566443243,74.95746107242209,85.21649768131526,74.27644646507106,73.99034566443243,75.16885696641,100.0,84.80783304464086,89.82953628186114,85.0458083385962,83.87383861536404,77.7820490926218,79.64132813627019,68.54099627116224,78.45863209814173,82.80572417536824,75.80462403412253,77.48345386398,75.86479027228647,69.68145507515239,84.56450657161768,79.25667406871301,73.99423620210811,72.56184102854633,72.05233285126246,74.03116716305506,85.68205018707576,73.01632965477826,61.823983012064176,75.97634270599552,82.06043089696439,74.70080055630315,73.86295379849122,70.39072346682676,76.59813271787378,80.08877095515976,83.46254954958276
us20,82.83711184596149,88.30307490078036,83.3966196843839,74.25931426222117,91.24534461388085,84.90383141752528,84.03798637933768,83.77208643705475,87.52562441450752,79.40440129219867,87.43722986259274,80.16172641671075,84.75417918870275,82.98641223573637,83.66488500795067,87.36373992879595,91.48852948571748,82.75258062820114,84.80783304464086,100.0,81.04730558669526,86.31483814642363,78.36990821268361,74.45974135439421,87.3169736072889,74.13361897372086,76.3690594028772,92.36773633004996,75.64409975913003,86.31005992939775,76.80179867670789,70.69746300352901,84.93589975227297,88.4113055305538,73.56788251995677,77.10320899014988,83.88864409755307,75.35414856578633,80.14517982487028,81.90129308875179,78.19754091341477,75.92469768817232,83.79546959780828,80.44683179428883,71.7584693306741,82.56072163667133,76.79302872660779,75.26248657563252,81.55068616547004
us21,75.2300048920162,79.43106151541173,85.45898554510585,80.4030406356871,100.0,80.6895108788221,78.10517559084057,91.25182234720293,78.10517559084057,76.52043107248319,80.80409789630416,64.52974669477125,76.52043107248319,78.28819802544956,86.34636512831449,90.57190958417937,80.2178460025192,87.03637567824663,89.82953628186114,81.04730558669526,100.0,81.7489141872097,79.1663363561757,82.33843258980617,85.27626139607231,73.29501648944164,79.77654198684363,84.32561037850004,73.14644343614293,78.18064270225253,79.01507160216622,74.09412164556126,84.22072219907058,78.30255202611353,70.07549678921892,82.76006323964226,77.52593419570972,83.3313833227942,82.31114732268443,78.77785004628205,67.58928965747508,70.66653497491853,84.59624143331521,75.53387820470768,72.0058315110494,80.70302533073594,89.33727869639333,78.90767271378328,88.33576312960392
us22,78.26090790772776,83.32816749309995,90.34743124094554,81.99782454923871,89.46592397182961,80.31004246491882,82.69111631993474,97.38108599560537,82.93183546190103,82.77157644070603,94.38804141915439,82.58926010780408,84.6138802241816,83.63556615030484,86.9562048413774,83.63556615030484,77.87952992716687,77.34135908656651,85.0458083385962,86.31483814642363,81.7489141872097,100.0,83.7360905411069,77.94894065343321,82.58743408279781,70.70329698365525,70.98041395548277,87.82906482779107,74.4186419392483,78.97953049546291,73.23217544084117,71.59902991169704,86.91397761564565,90.36189506325076,83.48098503131935,67.70658071223936,77.81129429584388,76.89875772419506,80.15091362881839,69.22906953252009,60.67667808083637,74.6775977418176,84.47464284045049,76.07503914397994,83.33313390366818,75.9460402674328,73.25963806618664,84.52221823402779,88.16228145163562
us23,72.55422220306062,82.69111631993474,80.67081123083032,90.68414875579627,83.2314677604333,88.97650993048182,87.99364750365143,88.97250138863836,86.9562048413774,75.37472574724944,82.91559466316856,74.66704524451033,70.96746760842535,80.37324217285652,85.81798558919306,75.9676136169743,70.96746760842534,79.88290217432031,83.87383861536404,78.36990821268361,79.1663363561757,83.7360905411069,100.0,76.33067314089007,73.72717395872937,68.41778139384735,83.34189271429051,76.58237045616245,76.12603620738913,71.99772854644397,75.08335323075048,72.1216244337153,84.03140576606361,76.27919994843397,75.8713255225822,69.4191442232728,69.46129451754213,82.85860749072185,85.81935162696908,74.43279129661504,65.01290612188593,70.38444942747071,77.34638568905407,77.3968962144989,76.1104025124071,74.85921703486636,65.91323143933823,74.43191670566738,72.66310052782458
us24,76.66646389743539,78.02647357130573,78.98482205183808,77.39271817634099,83.80906972233723,74.19273834238639,78.92759593469643,83.25385600059892,76.0297575468188,74.24323853790085,79.81250737556029,66.97786570126925,77.98265690440076,93.45271498901344,76.26221055131664,80.58539602460937,71.24830660738603,87.29323230326608,77.7820490926218,74.45974135439421,82.33843258980617,77.94894065343321,76.33067314089007,100.0,79.52594168175429,74.95313069965923,73.68346771107521,76.08880045258655,75.28812770759795,73.06717320036246,82.63641807513444,81.5085964761137,79.20689877269407,72.7001636367346,82.6391912441925,73.26650182218309,72.06805975091429,77.989653303548,84.61480361407878,80.70639601021313,74.5015376076777,68.38687894008,81.07181133825702,76.94262432767562,85.58058261758407,74.73137960652588,71.08190885291647,74.26413651604615,83.75724043872364
us25,78.58052236947228,81.00422840907673,78.83376871084947,72.98890570839392,88.88832200992567,75.67706226733961,76.57732033347406,80.23270213841698,77.95123982720376,71.81887243097555,78.27060950319485,69.81820394367524,77.55216567661753,79.05804122914445,77.14163404649732,86.88925509384089,84.28651597363228,77.56176001083735,79.64132813627019,87.3169736072889,85.27626139607231,82.58743408279781,73.72717395872937,79.52594168175429,100.0,74.45689502625477,69.20308517589734,86.11884083503327,73.06134398058104,85.24628843547008,75.42329164946626,75.24704405916508,83.11085638021996,80.04010648544066,80.62938963178121,71.0341077789751,82.77938432345658,74.42438054403382,76.95448015122452,68.72590297287418,82.34375794855409,68.84030794966094,83.41263468937106,74.12962763213294,68.81219107573015,70.98736272801538,75.63077200694244,69.76276716640383,77.7973404258656
us26,66.40560627375439,76.58987214877129,66.96585632889256,59.25923899602223,78.49303001564238,67.48472979580892,70.26137374655947,63.68970568261718,71.35017748697113,58.2972702808636,70.41677693025949,71.72026316586356,64.20964311089625,74.77457759911287,71.54870853992723,73.63766772219324,67.90155066515557,83.1026478086073,68.54099627116224,74.13361897372086,73.29501648944164,70.70329698365525,68.41778139384735,74.95313069965923,74.45689502625477,100.0,68.55085795689489,76.35110506832952,78.00172641988334,77.27416889167029,82.41572108303747,72.60906716021958,77.20537874191909,81.30914789642189,73.74602489416647,69.37631783088266,79.91096196722455,65.84232576764516,65.2958953691358,81.29775138210691,72.68102237198279,70.37357863048494,76.70693221077758,82.55523578950125,60.240974190376285,67.70260810725256,77.7460868236258,53.05735841231283,68.60990604825801
us27,67.696926168622,77.99784106280825,76.3350892590498,79.42035280702906,73.80337734461267,88.36338899665503,81.78257762721533,75.12967022255252,88.7622186518636,74.47681237431414,76.70452478673246,71.74656125977752,65.90912530801474,76.30433113182504,79.60441808874728,74.27644646507106,72.64347560502948,77.00713500651453,78.45863209814173,76.3690594028772,79.77654198684363,70.98041395548277,83.34189271429051,73.68346771107521,69.20308517589734,68.55085795689489,100.0,74.08461894673239,80.77119487115363,70.80663719171594,83.78403097709166,65.12953254609685,74.58771094234716,75.97423420935745,59.163549061334834,72.23807482640984,67.2572709141857,76.71351890593527,80.74077850664345,77.66811411027956,83.29893357193288,74.13305888257533,71.50598838368583,76.18983258121081,59.27452676987025,68.92854259816377,67.97622413314575,60.9632161116379,68.62249034961573
us28,80.63172794785658,85.05114533027249,84.29353092185833,77.12792403113599,92.7044538449007,84.34396582442962,83.58635141601548,84.44706427872934,87.38010814132342,78.2068941777162,87.82906482779107,82.77128715680396,80.82580818211082,81.67695523353906,84.56279838088598,87.82204987956501,87.56015847912555,90.82845626216088,82.80572417536824,92.36773633004996,84.32561037850004,87.82906482779107,76.58237045616245,76.08880045258655,86.11884083503327,76.35110506832952,74.08461894673239,100.0,81.9158973990781,85.43214882024198,76.76848396434866,78.9357678017732,83.44408446393943,88.36338899665503,75.4376469530461,84.6456813228064,80.59183539423283,74.27318630965793,78.4670849846463,77.23737348715669,72.30409869886681,75.32067405351468,82.00113371181227,79.6419357107158,71.7584693306741,78.00190862182464,79.66879589441356,73.23308599334864,82.66925154624315
us29,65.59948924770997,79.92542907930516,71.69405411376465,75.16554116040413,70.75927647118682,78.92350024979851,74.72998177457848,68.28283833839978,81.30185857132093,61.44797297357284,73.5400078908943,73.19843810723803,64.37365734585015,74.99487412962773,77.94068725548814,68.8619054622384,71.10800764286489,83.93613016720703,75.80462403412253,75.64409975913003,73.14644343614293,74.4186419392483,76.12603620738913,75.28812770759795,73.06134398058104,78.00172641988334,80.77119487115363,81.9158973990781,100.0,74.96713921233376,86.94768458394711,72.80767727809464,78.92512653216781,85.57726644722676,64.41074486052922,67.58318717760817,71.95789859664434,69.82435338812655,69.1322847963187,72.13049117858719,72.78457204630877,77.41076702000207,65.59112320201741,74.03757247201553,55.469400678087965,64.23874591230773,75.83296614632961,50.17519096444926,68.89317400150401
us30,86.9984602407407,78.70662572753434,76.5361660293071,76.73913988763405,78.05055244505742,76.41945460598524,77.53765181208814,73.0160735603524,79.34799242248813,85.63338603303524,79.86108577845117,80.48909066726007,85.54363206779236,79.71276973024311,79.76947650956834,82.3061555861503,92.27798236480709,74.37583449190957,77.48345386398,86.31005992939775,78.18064270225253,78.97953049546291,71.99772854644397,73.06717320036246,85.24628843547008,77.27416889167029,70.80663719171594,85.43214882024198,74.96713921233376,100.0,76.60359647041969,86.00305693586745,80.81957267257653,81.40273453015683,83.11602175534162,71.4544629910495,86.52698388418194,73.12869664910303,73.93812890227682,78.24434417660615,79.29055320616649,66.30708352051118,77.6288896235623,82.33332029013185,64.10381388447668,77.52702127398877,79.02099150762054,67.1093616363907,85.24054893237604
us31,70.5974327212669,86.17875435510456,75.83457085811489,74.81451756575633,78.79133097772903,79.40452527101384,79.94586438810384,71.72182092807134,81.78288359253627,67.2446964156632,77.68052463524455,73.19843810723803,69.99371309334839,81.7280400439275,80.89528957406414,74.69283951472147,72.45865638003906,88.092758194804,75.86479027228647,76.80179867670789,79.01507160216622,73.23217544084117,75.08335323075048,82.63641807513444,75.42329164946626,82.41572108303747,83.78403097709166,76.76848396434866,86.94768458394711,76.60359647041969,100.0,75.4996932030754,80.82185714539699,81.50909021615207,71.38289060164823,71.8112566904671,75.63564677913675,78.3603004762012,76.59124164434029,83.9466469553558,84.03394896872341,74.13305888257533,73.59588948047498,82.71077813700313,61.81205388122971,71.37965642879045,84.80281616307008,55.24931352696265,70.37660756273509
us32,83.17347752176457,70.6097460169635,72.30076580422113,80.68165882488462,72.56319055632177,68.51382325926129,74.07812709140731,68.78841479731891,69.90786275979379,78.66318802631233,72.30076580422113,77.03051388411076,79.67830971740473,77.49604609080909,73.06453044150581,74.33706304920695,79.67830971740473,82.76459765296774,69.68145507515239,70.69746300352901,74.09412164556126,71.59902991169704,72.1216244337153,81.5085964761137,75.24704405916508,72.60906716021958,65.12953254609685,78.9357678017732,72.80767727809464,86.00305693586745,75.4996932030754,100.0,70.6097460169635,70.85842555781164,82.44579355911492,77.47344254404756,74.22588999022108,73.83198677693083,76.05929530287594,72.42289159180064,73.76481684430193,63.277288443907885,68.71405412154088,74.32577659972846,75.20270042820482,77.079943966083,71.0872641355847,67.79374897235819,78.30090896056709
us33,71.33583562188902,96.63282485149263,81.53234074722934,81.94769751797966,90.80761184457488,82.97171424897702,82.46663797670091,84.2160083481024,85.7872309259312,67.2446964156632,81.6848719686395,77.6133234994543,76.68663058546787,82.51749292301712,80.89528957406414,79.18341234283399,79.15157387215854,88.58925862219897,84.56450657161768,84.93589975227297,84.22072219907058,86.91397761564565,84.03140576606361,79.20689877269407,83.11085638021996,77.20537874191909,74.58771094234716,83.44408446393943,78.92512653216781,80.81957267257653,80.82185714539699,70.6097460169635,100.0,82.27715697256278,79.12415457655413,72.7763161996616,79.69496255397695,85.61226820665537,83.9140934542818,80.63451177043653,70.3741425085376,70.84140060452178,82.73577193213181,83.47626832682202,76.83240496478702,73.36506151467492,78.91025965318218,68.72412505702422,75.77756873179385
us34,79.8055060857746,84.02462457319282,87.21661934439021,75.5604989482215,85.37437535598751,81.4057105687982,79.09099461712593,88.69233738544919,82.73900876459398,78.46447055088255,89.37023208437482,85.31091537756316,81.53665626901793,80.3626793803658,85.79239152615918,82.11351571359192,81.53665626901793,79.80817302611747,79.25667406871301,88.4113055305538,78.30255202611353,90.36189506325076,76.27919994843397,72.7001636367346,80.04010648544066,81.30914789642189,75.97423420935745,88.36338899665503,85.57726644722676,81.40273453015683,81.50909021615207,70.85842555781164,82.27715697256278,100.0,73.85923499229834,70.79289226341096,82.70762635487753,73.27644704197812,73.5735791378214,73.39478331229337,66.83992955645546,81.41187354972614,78.63381241542477,76.91377082708544,64.16923552276215,73.78217169046607,80.98132488740731,70.44656553093816,85.20285181454452
us35,76.65171368575555,73.68066150268386,75.02875367150952,75.26865043878541,76.52609908914003,66.02817912600638,74.03265231671531,81.82876739912398,69.41036606516724,79.17963366506277,78.7636303665766,76.72229008801736,80.3626793803658,86.09356663666456,74.42178638931509,73.57003831174416,72.28145902394813,73.36413725812815,73.99423620210811,73.56788251995677,70.07549678921892,83.48098503131935,75.8713255225822,82.6391912441925,80.62938963178121,73.74602489416647,59.163549061334834,75.4376469530461,64.41074486052922,83.11602175534162,71.38289060164823,82.44579355911492,79.12415457655413,73.85923499229834,100.0,68.34990118926869,73.96169639070266,72.50993703347204,77.89341760479374,70.79848707996544,66.6228763404207,63.449095588983525,76.7244017859428,72.80120055777307,85.2742767419371,72.45103140209174,68.15017926715592,75.76352247907836,84.58114379912666
us36,69.71419299478005,73.56767508421716,75.4031169601676,72.73106348374799,81.98561295548556,79.22452933370953,73.43817026493453,69.25389620020948,76.39610220896333,64.89775144350054,69.74626271067521,82.61695829583071,73.67331358262541,69.25389620020948,71.64838524956795,82.61695829583071,81.98561295548558,87.87816946537347,72.56184102854633,77.10320899014988,82.76006323964226,67.70658071223936,69.4191442232728,73.26650182218309,71.0341077789751,69.37631783088266,72.23807482640984,84.6456813228064,67.58318717760817,71.4544629910495,71.8112566904671,77.47344254404756,72.7763161996616,70.79289226341096,68.34990118926869,100.0,73.61128836690382,81.1157593754545,78.28819802544956,83.2314677604333,68.83312743894506,69.55512989132497,70.50818798834297,76.39610220896333,73.67331358262541,81.54788018617961,77.27723576423209,68.496932680575,66.86193694679652
us37,82.4299946766994,84.25845618072805,81.90891803668534,72.81873294865147,84.63726338493512,73.93677088085352,76.61237957725245,74.77457759911287,75.49608003661658,76.24344516334006,79.52643866040479,78.05189034582467,85.77401641757028,76.97446536280435,81.73181872169873,88.98115132051939,89.46592397182961,76.60964591893756,72.05233285126246,83.88864409755307,77.52593419570972,77.81129429584388,69.46129451754213,72.06805975091429,82.77938432345658,79.91096196722455,67.2572709141857,80.59183539423283,71.95789859664434,86.52698388418194,75.63564677913675,74.22588999022108,79.69496255397695,82.70762635487753,73.96169639070266,73.61128836690382,100.0,75.97115305033051,67.49558282990763,83.17347752176457,70.63354257925212,73.69394415228618,88.21488698022421,86.6673797711859,64.07751529815907,82.36659366084015,89.2392863841551,65.97502654434695,75.41338234756513
us38,72.45103140209174,89.0005611815426,85.52546535029971,88.71060998819891,88.50951480571861,82.49068922776168,77.18738836886257,81.05921001772288,81.0614134762979,67.89470528441083,76.27532802612424,77.37862888646443,79.09502451442691,79.02099150762054,80.06819377369665,83.50537618563936,82.05295645845571,86.30711034663877,74.03116716305506,75.35414856578633,83.3313833227942,76.89875772419506,82.85860749072185,77.989653303548,74.42438054403382,65.84232576764516,76.71351890593527,74.27318630965793,69.82435338812655,73.12869664910303,78.3603004762012,73.83198677693083,85.61226820665537,73.27644704197812,72.50993703347204,81.1157593754545,75.97115305033051,100.0,79.39443009905943,81.97902629044962,68.2699205107332,71.53197771007457,79.28292631855818,79.61932224762268,76.83240496478702,83.09925876217805,81.26728225713732,68.72412505702422,68.97455530129577
us39,80.65025609714638,79.39501651511712,73.73816226562474,87.48562164861636,87.87816946537347,84.56711390267455,88.6077240808834,83.6243048610925,87.7098107079481,81.98561295548558,78.91025965318218,71.49916936972431,77.27369617155748,81.42441709740102,72.23202894197588,72.22346555479197,77.27369617155748,82.93055042104986,85.68205018707576,80.14517982487028,82.31114732268443,80.15091362881839,85.81935162696908,84.61480361407878,76.95448015122452,65.2958953691358,80.74077850664345,78.4670849846463,69.1322847963187,73.93812890227682,76.59124164434029,76.05929530287594,83.9140934542818,73.5735791378214,77.89341760479374,78.28819802544956,67.49558282990763,79.39443009905943,100.0,81.08983848500215,76.88893420797214,75.76412316919551,78.07150375037615,79.71216050340682,84.94923727723895,72.71097043355445,63.387638276639194,81.50298451753285,79.17068714694126
us40,77.28308094863903,86.13846230531132,73.83176855753082,74.69035608428834,81.98561295548556,81.15112977899864,80.0684515448186,69.11772334962049,84.02261343231143,72.76173191811559,76.97446536280437,75.81282012143299,77.36730246346355,82.63131961229674,77.13083901113094,80.65277279253473,81.05921001772288,88.10264780860729,73.01632965477826,81.90129308875179,78.77785004628205,69.22906953252009,74.43279129661504,80.70639601021313,68.72590297287418,81.29775138210691,77.66811411027956,77.23737348715669,72.13049117858719,78.24434417660615,83.9466469553558,72.42289159180064,80.63451177043653,73.39478331229337,70.79848707996544,83.2314677604333,83.17347752176457,81.97902629044962,81.08983848500215,100.0,74.41333142748849,68.84468335818532,74.09417883471103,92.29205991888402,70.74438139449089,81.20639614550046,80.41908825007634,64.96700242377696,72.52084764865313
us41,77.56619557306965,77.36400143368249,65.24217089905595,67.8548133650683,67.25422168076582,82.41476415644354,81.40202532115362,59.34961438916806,82.41476415644354,69.24646697696603,65.24217089905595,67.1249284594374,68.09601546789268,79.58650066217407,62.978887133054705,76.82261106110761,78.19754091341477,75.90419525081053,61.823983012064176,78.19754091341477,67.58928965747508,60.67667808083637,65.01290612188593,74.5015376076777,82.34375794855409,72.68102237198279,83.29893357193288,72.30409869886681,72.78457204630877,79.29055320616649,84.03394896872341,73.76481684430193,70.3741425085376,66.83992955645546,66.6228763404207,68.83312743894506,70.63354257925212,68.2699205107332,76.88893420797214,74.41333142748849,100.0,69.14706265972302,60.40961253007253,77.02109354062829,59.27452676987025,64.35146514855057,63.317433602225194,55.132391146139305,69.90422257207389
us42,70.30604960349048,73.80337734461267,79.46023159410504,64.19328493159746,72.88059681474648,73.80337734461267,74.30845361688877,76.4161307206792,73.80337734461267,65.48645472779947,79.46023159410504,69.35870614858294,68.85362987630683,67.67965298765472,75.92469768817232,71.72139676919494,68.85362987630683,71.5309680452233,75.97634270599552,75.92469768817232,70.66653497491853,74.6775977418176,70.38444942747071,68.38687894008,68.84030794966094,70.37357863048494,74.13305888257533,75.32067405351468,77.41076702000207,66.30708352051118,74.13305888257533,63.277288443907885,70.84140060452178,81.41187354972614,63.449095588983525,69.55512989132497,73.69394415228618,71.53197771007457,75.76412316919551,68.84468335818532,69.14706265972302,100.0,70.49216927751436,69.66193743597292,62.69213206934905,74.46773684581338,80.63874289608263,67.86851297139947,80.10758714884065
us43,74.95663483297645,76.7244017859428,83.79546959780828,70.54288546721736,89.68802610769619,76.7244017859428,81.14381916835873,89.68802610769619,76.7244017859428,72.50140295385647,83.79546959780828,64.08044092932867,74.95663483297645,76.7244017859428,80.56023153402678,83.79546959780828,74.95663483297645,78.30330754412202,82.06043089696439,83.79546959780828,84.59624143331521,84.47464284045049,77.34638568905407,81.07181133825702,83.41263468937106,76.70693221077758,71.50598838368583,82.00113371181227,65.59112320201741,77.6288896235623,73.59588948047498,68.71405412154088,82.73577193213181,78.63381241542477,76.7244017859428,70.50818798834297,88.21488698022421,79.28292631855818,78.07150375037615,74.09417883471103,60.40961253007253,70.49216927751436,100.0,77.9296974356926,69.92076985837372,75.92251138158612,87.30330531571438,76.82261106110761,86.68474729986005
us44,74.83055472456182,86.79343187632837,74.1808311492228,76.44798845725272,77.56619557306965,82.44957771490701,86.85064671198943,69.95980642064941,86.68551119359287,72.76173191811559,80.81205446900364,81.64912219222012,74.67385162855973,82.63131961229674,79.37479611774357,79.70744705556433,78.36575918281905,83.26536626350367,74.70080055630315,80.44683179428883,75.53387820470768,76.07503914397994,77.3968962144989,76.94262432767562,74.12962763213294,82.55523578950125,76.18983258121081,79.6419357107158,74.03757247201553,82.33332029013185,82.71077813700313,74.32577659972846,83.47626832682202,76.91377082708544,72.80120055777307,76.39610220896333,86.6673797711859,79.61932224762268,79.71216050340682,92.29205991888402,77.02109354062829,69.66193743597292,77.9296974356926,100.0,66.32496401207496,75.64706535916328,81.70537663132089,62.0482591214802,74.40316797667145
us45,72.38981467101924,70.9398484548991,77.4405773937803,76.1104025124071,79.00437363328705,69.58650066217406,74.63726338493512,83.33313390366818,69.58650066217406,75.81332636826161,77.4405773937803,71.07107672549604,81.8599947761962,79.68802610769619,67.97039728860331,69.92076985837372,71.7584693306741,75.35926583731504,73.86295379849122,71.7584693306741,72.0058315110494,83.33313390366818,76.1104025124071,85.58058261758407,68.81219107573015,60.240974190376285,59.27452676987025,71.7584693306741,55.469400678087965,64.10381388447668,61.81205388122971,75.20270042820482,76.83240496478702,64.16923552276215,85.2742767419371,73.67331358262541,64.07751529815907,76.83240496478702,84.94923727723895,70.74438139449089,59.27452676987025,62.69213206934905,69.92076985837372,66.32496401207496,100.0,76.80923205343517,55.646444992353935,82.67949192431122,77.77751187155758
